______________________________________________________________________________________________________________________


18MA20015 | Harshal Dupare
Lab 7 | 24-2-2021

______________________________________________________________________________________________________________________




A. 160 
B. 2600
C. 47/3 = 15.66
D 765/41 = 18.658
E. Unbounded

_________________________________________________________________________________________________________

A. 
INPUT:

3
3
5 10 8
3 5 2 60
4 4 4 72
2 4 5 100

OUTPUT:

_________________________________________________________________________________________________________

B.

2
4
4 3
2 1 100
1 1 800
1 0 400
0 1 700

OUTPUT:

_________________________________________________________________________________________________________

C.

4
2
3 3 2 1
2 2 5 1 12
3 3 4 0 11

OUTPUT:

_________________________________________________________________________________________________________


D.

3
3
3 5 4
2 3 0 8
0 2 5 10
3 2 4 15

OUTPUT:

_________________________________________________________________________________________________________


E.
1
4
3
-3 -3 -2 1
-2 -2 -5 -1 -43
-3 3 -4 0 -11
-4 2 -3 1 -25

OUTPUT:

_________________________________________________________________________________________________________


